moving_avg: 9
d_model: 128
n_heads: 8
e_layers: 2
d_layers: 1
d_ff: 128
factor: 3
dropout: 0.15000000000000002
activation: gelu
embed: timeF
learning_rate: 0.0005929453342787635
batch_size: 64
